1	2	19
1	3	5
2	4	7
2	5	6
2	6	5
2	7	7
2	8	44
2	9	7
2	10	16
2	11	14
2	12	6
2	13	5
2	14	6
2	15	7
2	16	16
2	17	8
2	18	7
2	19	8
2	20	5
2	3	6
3	23	5
3	14	10
3	531	5
3	537	5
3	176	5
4	21	7
4	11	5
6	103	6
6	105	16
6	106	23
6	23	6
6	109	6
6	110	11
6	111	11
6	112	6
6	17	35
6	113	9
6	114	5
6	108	5
6	115	5
6	116	6
6	117	7
6	118	6
6	7	10
6	119	8
6	120	8
6	121	5
6	122	5
6	123	5
6	98	5
6	124	7
6	104	5
6	125	6
6	126	17
6	127	18
6	128	5
6	129	5
6	130	6
6	131	7
6	132	9
6	133	5
7	118	8
7	218	5
7	115	8
7	17	21
7	136	7
7	225	5
7	226	14
7	227	5
7	156	15
7	73	6
7	228	5
7	137	7
7	108	6
7	112	8
7	229	5
7	230	6
7	169	7
7	231	12
7	232	7
7	233	8
7	234	8
7	106	6
7	123	5
7	235	6
7	236	6
7	237	8
7	238	5
7	239	5
7	13	7
7	240	5
7	241	5
7	242	5
7	119	13
7	14	5
7	11	8
7	87	7
7	243	6
7	244	6
7	245	10
7	246	6
7	247	7
7	248	5
7	249	6
7	250	5
7	204	5
7	251	6
7	186	8
7	252	5
8	11	10
8	15	5
8	10	8
10	11	5
11	22	14
11	30	12
11	81	9
11	23	18
11	26	9
11	528	5
11	19	7
11	529	7
11	530	6
11	90	10
11	21	9
11	531	11
11	532	10
11	24	5
11	25	8
11	533	6
11	534	6
11	535	5
11	74	7
11	14	16
11	536	5
11	88	5
11	176	13
11	537	10
11	169	9
11	398	7
11	538	6
11	539	7
12	23	9
12	73	6
12	26	6
12	17	5
12	74	5
12	75	6
12	76	8
12	77	5
12	78	11
13	17	6
13	575	8
14	22	6
14	233	7
17	72	5
17	134	9
17	116	12
17	109	12
17	162	8
17	118	6
17	104	42
17	217	5
17	218	8
17	108	21
17	319	5
17	73	14
17	322	7
17	235	10
17	364	5
17	386	7
17	117	20
17	115	43
17	136	10
17	138	10
17	387	11
17	160	15
17	139	16
17	135	6
17	408	6
17	209	23
17	105	61
17	106	103
17	409	5
17	410	10
17	411	5
17	154	11
17	412	5
17	413	7
17	112	50
17	414	12
17	415	7
17	416	8
17	417	5
17	391	8
17	418	6
17	419	13
17	128	12
17	420	7
17	421	7
17	422	7
17	156	15
17	423	5
17	424	5
17	216	17
17	309	7
17	302	10
17	110	6
17	111	8
17	425	12
17	155	7
17	130	22
17	164	8
17	426	10
17	212	12
17	427	7
17	393	5
17	157	13
17	107	15
17	301	7
17	428	7
17	429	7
17	77	5
17	98	13
17	321	9
17	430	6
17	125	28
17	431	5
17	186	16
17	432	5
17	433	5
17	434	5
17	219	11
17	314	6
17	435	7
17	436	5
17	437	5
17	225	10
17	306	6
17	355	13
17	205	5
17	438	7
17	76	5
17	397	5
17	439	7
17	177	5
17	440	7
17	441	5
17	399	6
17	442	5
17	443	5
17	406	5
17	444	11
17	208	7
17	445	5
17	446	5
17	360	5
17	126	15
17	447	6
17	448	5
17	449	7
17	390	12
17	241	5
17	450	9
17	127	13
17	305	5
17	451	7
17	210	7
17	90	6
17	452	5
17	388	7
17	453	6
17	214	7
17	119	6
17	454	5
17	455	14
17	456	5
17	252	8
17	407	6
17	457	5
17	458	6
17	307	6
18	81	6
18	102	13
18	330	5
18	130	5
18	46	6
18	696	10
18	697	20
18	698	6
18	699	15
18	700	5
18	701	14
18	702	5
18	703	10
18	337	6
18	704	15
18	705	8
18	706	6
18	707	5
19	30	5
19	81	6
19	413	5
19	98	5
19	528	6
19	687	7
19	688	5
19	689	6
19	83	6
19	28	7
19	690	7
19	20	6
22	23	15
22	24	8
22	25	5
22	26	7
22	27	7
22	28	5
22	29	6
22	30	5
23	26	23
23	165	10
23	166	9
23	74	22
23	167	6
23	168	6
23	27	8
23	169	6
24	924	5
25	30	8
25	189	34
25	525	6
25	146	5
25	194	9
25	195	15
25	196	14
25	191	6
25	192	6
25	193	8
25	878	6
25	93	15
25	190	12
25	197	8
25	68	6
25	879	5
26	74	17
26	166	5
26	172	7
26	165	5
26	77	13
26	98	11
26	173	6
26	174	7
26	90	8
26	29	12
26	175	10
26	176	6
26	177	5
26	178	6
26	97	6
27	177	6
27	74	5
27	97	6
27	29	11
27	28	9
27	471	5
27	176	7
27	1097	5
29	165	5
29	74	6
29	175	7
29	176	8
30	81	14
30	82	5
30	83	5
30	84	6
30	85	5
30	86	9
30	87	7
30	88	8
30	89	7
30	90	8
30	91	5
30	43	6
30	92	5
30	77	5
30	93	6
30	94	5
30	95	5
31	32	10
31	33	9
32	37	61
32	38	5
32	39	7
32	40	5
32	41	5
32	42	15
32	43	6
32	44	6
32	45	5
32	46	13
32	47	8
32	48	10
32	49	9
32	50	10
32	51	6
34	35	5
34	36	8
35	502	5
37	42	12
37	48	6
37	550	8
37	551	6
37	552	8
37	553	6
37	45	6
37	554	7
37	46	8
37	47	9
37	49	5
37	50	8
38	335	5
38	550	7
38	551	5
39	50	5
41	1074	6
41	553	5
42	52	6
42	55	14
42	153	5
42	253	7
42	51	125
42	255	5
42	50	13
42	254	53
42	102	6
42	256	5
42	257	14
42	258	12
42	173	6
42	182	6
42	259	12
42	185	6
42	183	5
42	260	10
42	261	5
42	262	5
42	263	16
42	264	31
42	265	43
42	266	11
42	267	7
42	54	6
42	268	13
42	269	8
42	270	6
42	271	10
42	272	9
42	273	5
42	274	8
42	80	7
43	828	6
43	91	8
43	829	9
44	1009	5
45	46	5
45	554	5
45	47	7
46	143	5
46	326	17
46	102	55
46	327	61
46	115	8
46	330	32
46	328	11
46	333	14
46	256	58
46	554	10
46	146	9
46	356	9
46	329	9
46	576	6
46	359	6
46	219	6
46	47	6
46	357	6
46	577	5
46	337	10
46	345	9
46	341	6
46	578	5
46	347	8
46	342	5
46	579	5
47	554	19
47	728	5
47	768	13
48	326	35
48	102	31
48	327	24
48	328	7
48	256	9
48	329	6
48	330	20
48	331	14
48	332	7
48	333	7
50	51	6
50	254	7
50	758	11
51	55	8
51	153	6
51	253	15
51	254	79
51	275	6
51	267	13
51	54	5
51	276	6
51	277	9
51	265	43
51	278	9
51	173	11
51	182	10
51	279	5
51	259	12
51	185	9
51	183	8
51	260	11
51	274	13
51	280	9
51	255	10
51	281	10
51	282	5
51	263	7
51	264	26
51	258	7
51	257	8
51	268	7
51	266	5
51	80	5
51	271	10
51	269	5
51	273	6
52	53	8
52	54	7
53	55	10
53	56	6
53	57	21
53	58	20
53	59	24
53	60	8
53	61	7
53	62	5
55	63	10
55	64	6
55	65	14
55	66	10
55	57	8
55	58	6
55	67	11
55	59	8
55	68	5
55	69	13
55	70	9
55	71	10
56	60	7
56	58	18
56	59	8
56	57	17
57	323	5
57	60	6
57	58	27
57	59	12
57	61	6
58	323	7
58	60	8
58	324	13
58	325	7
58	59	13
58	62	6
59	60	9
59	62	7
59	61	11
63	220	5
63	628	5
63	66	11
64	153	7
64	376	11
64	377	5
64	314	6
64	522	5
64	523	6
64	375	6
65	66	7
66	220	5
66	314	5
66	628	8
66	651	7
66	851	5
66	629	5
67	189	5
67	489	6
68	525	5
68	902	5
68	70	5
69	189	5
70	376	6
70	523	11
71	1019	5
73	104	9
73	320	7
73	106	14
73	321	6
73	117	6
73	205	10
74	172	8
74	165	15
74	156	6
74	166	18
74	555	6
74	168	17
74	173	7
74	556	11
74	708	8
74	186	6
74	557	9
74	558	7
74	709	5
74	535	5
74	97	5
74	710	5
76	77	7
76	98	13
77	177	6
77	106	5
77	112	7
77	98	44
77	173	8
77	174	8
79	80	9
80	525	8
81	96	5
81	97	7
81	98	5
81	90	6
81	87	8
82	99	8
82	100	6
82	101	6
82	102	5
83	413	8
83	98	12
86	95	8
86	788	6
87	500	11
87	95	7
87	501	5
88	706	5
88	97	6
88	665	6
88	755	14
89	770	6
89	173	6
89	92	11
89	670	18
89	859	11
89	919	22
90	106	5
90	209	5
90	545	5
90	546	13
90	389	6
90	547	7
91	864	10
91	865	5
91	866	5
92	173	5
92	919	14
92	670	13
92	859	5
94	785	7
95	500	6
95	178	5
97	546	11
97	755	5
98	104	6
98	117	7
98	413	12
98	106	12
98	112	7
98	476	6
98	515	5
102	326	52
102	327	37
102	328	10
102	335	5
102	331	10
102	256	48
102	336	6
102	337	9
102	333	22
102	338	5
102	330	21
102	339	7
102	340	13
102	341	6
102	137	6
102	342	10
102	329	13
102	332	8
102	343	5
102	146	12
102	344	5
102	345	7
102	346	9
102	347	5
103	104	6
103	105	11
103	106	18
103	107	5
103	108	7
104	140	5
104	112	9
104	125	37
104	105	30
104	106	55
104	204	7
104	205	5
104	206	8
104	207	9
104	208	12
104	117	8
104	209	23
104	210	5
104	211	6
104	212	7
104	213	8
104	115	6
104	214	7
104	215	5
104	216	5
104	158	5
105	322	7
105	117	10
105	387	8
105	158	7
105	388	9
105	130	13
105	106	85
105	212	6
105	486	5
105	209	18
105	126	9
105	127	9
105	125	16
105	455	5
105	443	6
105	390	6
105	216	7
105	423	5
105	422	6
106	116	5
106	322	9
106	235	9
106	117	26
106	387	8
106	160	8
106	413	5
106	444	5
106	119	6
106	158	8
106	388	7
106	130	23
106	212	9
106	209	40
106	487	6
106	409	5
106	410	5
106	411	5
106	412	9
106	488	5
106	446	9
106	443	8
106	126	16
106	127	14
106	125	24
106	422	11
106	455	6
106	414	5
106	216	7
106	302	7
106	321	5
106	423	6
106	111	5
106	205	6
106	427	5
106	120	5
106	208	11
106	456	5
106	452	5
106	449	5
106	390	8
106	128	8
106	451	5
106	156	6
106	450	5
106	214	5
106	112	5
107	108	7
107	115	17
107	158	5
107	394	5
107	219	9
107	396	5
107	391	5
107	397	5
107	210	9
107	402	5
108	118	7
108	218	5
108	224	5
108	301	6
108	115	16
108	302	5
108	303	5
108	304	5
108	241	11
108	133	5
108	138	5
108	158	7
108	219	7
108	156	8
108	130	6
108	305	6
108	306	12
108	136	6
108	307	6
109	116	5
109	112	15
109	157	8
109	158	9
109	159	7
109	160	5
110	111	15
111	130	8
112	116	7
112	161	5
112	322	5
112	117	10
112	387	13
112	413	5
112	416	6
112	158	12
112	388	5
112	212	5
112	216	7
112	154	12
112	128	6
112	309	6
112	425	17
112	155	5
112	509	7
112	510	5
112	157	7
112	450	5
114	220	7
114	479	7
114	222	5
115	134	5
115	218	10
115	327	5
115	136	6
115	158	8
115	139	13
115	135	5
115	391	16
115	392	5
115	393	10
115	314	5
115	394	6
115	395	6
115	396	11
115	309	5
115	130	5
115	359	16
115	210	19
115	219	36
115	397	10
115	330	5
115	398	5
115	399	6
115	400	8
115	401	9
115	214	5
115	402	5
115	180	7
115	403	5
115	404	5
115	405	6
115	406	6
115	305	5
115	301	8
115	307	5
115	407	5
116	117	8
116	154	7
116	155	9
116	156	6
117	235	5
117	138	5
117	387	26
117	159	5
117	128	12
117	158	5
117	209	9
117	130	5
117	388	10
117	389	7
117	390	5
118	134	18
118	153	7
118	179	7
118	135	6
118	136	5
118	180	8
118	181	6
118	182	7
118	183	6
118	184	5
118	130	6
118	185	5
118	186	5
118	133	8
118	187	7
119	477	6
119	321	5
119	126	5
119	127	5
121	133	5
123	713	6
125	130	9
125	212	5
125	209	9
125	126	7
125	127	6
125	430	5
125	214	7
126	127	33
128	158	5
128	312	5
128	527	5
129	679	5
130	206	5
130	302	15
130	209	9
130	207	8
130	214	7
130	208	8
130	391	6
131	132	18
133	134	7
133	276	6
133	315	15
133	316	5
133	317	5
134	135	7
134	136	9
134	137	5
134	138	5
134	139	5
135	136	8
135	391	9
135	210	5
136	225	7
137	234	5
137	572	6
138	158	5
138	243	5
138	390	6
138	459	6
139	218	5
139	158	5
139	219	5
139	307	5
140	141	5
140	142	9
141	211	5
142	211	6
143	144	9
143	145	5
143	146	41
143	147	6
143	148	11
143	149	9
143	150	6
143	151	5
146	151	5
146	240	6
146	620	5
146	345	13
146	149	10
146	148	13
146	621	6
146	520	6
146	622	5
146	623	9
146	624	5
146	339	5
146	150	5
146	256	9
146	625	10
148	152	6
148	151	6
148	620	5
148	345	8
148	149	12
149	345	7
150	565	6
150	657	6
154	216	5
154	509	5
154	425	7
156	218	6
156	387	5
156	158	5
156	220	8
156	209	5
156	241	6
156	588	5
156	479	8
156	589	8
156	223	6
156	590	11
156	591	8
156	592	6
156	593	9
156	439	5
156	594	10
156	305	5
156	595	6
157	158	9
157	513	7
157	514	5
157	440	6
158	310	6
158	312	6
158	314	5
158	209	7
158	307	5
159	160	5
159	488	5
159	669	9
160	309	5
160	212	5
163	164	8
164	426	8
165	555	7
165	168	11
165	173	6
165	556	6
165	557	8
165	558	6
165	532	5
166	175	6
168	555	9
168	173	5
168	556	14
168	708	12
168	557	7
168	558	6
169	569	5
169	716	8
169	717	9
169	535	7
169	231	5
169	533	6
169	249	7
169	1008	6
170	171	5
171	516	5
171	517	7
171	375	5
173	198	5
173	254	8
173	278	17
173	255	7
173	914	8
173	915	18
173	174	21
173	556	6
173	708	8
173	281	13
173	672	8
173	917	7
173	710	6
173	918	6
174	198	6
174	914	8
174	915	19
174	916	7
175	1045	8
176	954	5
177	413	7
177	471	9
179	188	5
180	219	5
181	304	6
181	520	7
181	187	8
181	521	10
181	893	5
181	894	6
182	254	9
182	185	70
182	728	18
182	183	87
182	746	9
182	557	5
182	279	39
182	259	9
182	736	15
182	803	8
182	729	12
182	730	8
182	731	25
182	801	6
182	735	13
182	737	14
182	738	25
182	806	7
182	739	7
182	740	7
182	741	12
182	733	8
182	742	13
182	743	9
182	807	8
182	808	9
182	744	8
182	745	6
182	809	13
182	994	6
183	254	8
183	185	49
183	797	9
183	728	19
183	279	33
183	259	8
183	736	13
183	803	6
183	806	6
183	731	19
183	729	8
183	801	5
183	735	12
183	740	7
183	743	6
183	742	11
183	807	7
183	741	5
183	808	9
183	733	5
183	738	19
183	744	6
183	746	5
183	745	5
183	809	8
183	739	6
184	559	5
184	867	5
185	254	9
185	279	15
185	259	9
185	728	7
185	729	7
185	730	7
185	731	20
185	732	7
185	733	8
185	734	6
185	735	13
185	736	10
185	737	5
185	738	20
185	739	6
185	740	5
185	741	7
185	742	9
185	743	5
185	744	8
185	745	5
185	746	6
186	719	8
186	451	7
186	438	5
187	892	6
187	672	5
189	190	7
189	191	5
189	192	6
189	193	7
189	194	10
189	195	5
189	196	5
189	197	10
190	605	6
191	327	6
192	193	5
195	196	18
198	199	8
200	201	9
202	203	5
204	206	13
204	468	5
204	852	8
206	600	5
206	601	7
206	211	6
209	322	6
209	487	5
209	412	7
209	446	5
209	504	5
209	355	5
210	391	10
210	392	5
210	219	6
210	396	5
210	301	5
210	302	5
210	359	7
210	402	6
210	399	5
210	214	5
211	600	5
214	302	5
218	219	5
218	220	26
218	221	6
218	222	7
218	223	7
219	393	5
219	301	7
219	521	5
219	306	5
219	359	5
219	303	6
220	283	5
220	310	6
220	385	5
220	311	35
220	482	7
220	221	14
220	452	5
220	478	5
220	479	13
220	223	8
220	222	12
220	483	8
220	484	6
220	485	5
221	297	5
221	406	7
222	311	10
222	223	14
222	479	11
223	310	12
223	367	7
223	376	5
223	311	12
223	415	7
223	314	12
223	313	5
223	482	9
223	673	7
223	479	5
223	674	5
223	675	5
223	594	5
226	234	6
226	227	5
226	716	5
226	248	5
226	233	9
226	231	10
226	717	5
226	249	6
226	539	7
227	231	5
228	905	6
230	986	6
231	233	5
231	533	6
231	537	5
232	233	6
232	249	6
233	875	6
233	250	5
233	249	5
238	452	7
238	632	14
239	248	5
239	647	8
239	940	8
239	941	7
239	942	7
239	933	5
244	702	7
244	718	5
248	778	5
248	779	14
248	966	6
249	537	6
249	1105	7
249	1106	5
249	1107	7
252	588	5
252	1124	6
253	254	5
254	267	10
254	265	28
254	257	9
254	279	5
254	259	11
254	260	11
254	281	5
255	278	8
255	281	6
256	327	30
256	330	13
256	340	5
256	333	13
256	578	6
256	345	7
256	579	8
259	279	6
261	262	11
262	1011	5
262	1012	9
262	1013	8
263	324	5
263	272	6
263	274	6
264	265	26
264	280	5
264	271	7
265	277	7
267	723	5
268	272	5
270	1059	5
270	1071	5
276	318	9
276	380	5
276	463	5
278	670	7
278	671	6
278	281	8
278	672	7
279	728	10
279	808	7
279	809	5
280	1020	5
281	889	5
281	917	13
281	918	7
281	599	5
283	284	6
283	285	8
283	286	5
283	287	12
283	288	6
283	289	9
283	290	13
283	291	8
283	292	6
283	293	7
283	294	12
283	295	8
284	296	6
284	297	8
284	298	6
284	299	5
284	300	6
285	286	5
285	613	5
287	613	5
287	290	6
287	294	7
288	294	6
288	292	6
290	291	6
290	294	7
291	769	6
291	294	13
291	292	5
292	294	5
294	953	5
295	297	5
296	814	5
297	380	6
297	316	13
297	299	34
297	507	30
297	776	14
297	484	6
297	777	6
297	955	7
297	300	7
297	956	5
297	813	15
297	957	6
297	812	6
297	958	5
297	846	8
299	639	7
299	316	7
299	810	8
299	776	9
299	300	5
299	507	26
299	811	5
299	640	6
299	812	6
299	813	14
299	814	6
300	1110	6
301	303	6
301	507	8
302	430	9
304	520	6
304	521	5
306	463	5
306	631	7
306	632	6
306	633	9
306	634	8
306	635	7
306	636	9
306	637	6
306	452	5
306	638	5
306	390	5
308	309	8
310	311	12
310	312	5
310	313	7
310	314	6
311	367	5
311	376	6
311	478	7
311	479	7
311	314	6
313	314	5
314	596	6
314	478	5
314	597	5
314	479	8
314	482	6
314	523	5
315	317	5
316	507	7
316	777	14
317	1044	5
324	761	6
324	325	7
324	762	6
326	327	28
326	334	5
326	332	6
326	331	12
326	330	15
326	333	11
327	332	17
327	348	10
327	330	55
327	340	5
327	349	12
327	350	6
327	351	5
327	343	8
327	352	11
327	341	8
327	353	6
327	329	6
327	354	10
327	355	6
327	347	6
327	356	7
327	357	6
327	334	5
327	358	6
327	359	5
327	337	5
328	332	6
328	348	6
328	330	8
328	580	8
330	348	7
330	331	20
330	349	11
330	350	8
330	353	9
330	343	5
330	351	5
330	354	12
330	352	9
330	460	5
330	347	7
330	461	7
330	401	5
330	359	5
330	462	5
331	332	20
331	348	7
331	353	5
331	460	6
331	349	11
331	724	5
331	352	13
331	354	11
331	358	6
331	361	7
332	348	9
332	349	8
332	352	10
332	354	8
332	360	5
332	361	7
335	503	6
337	577	13
338	517	5
338	624	5
339	752	5
339	341	16
339	899	9
339	895	7
341	501	12
341	861	5
341	389	8
341	895	12
341	896	8
341	897	5
345	944	5
348	349	5
348	362	8
348	363	5
349	353	5
349	352	7
349	358	7
349	354	9
351	354	5
352	460	10
352	354	27
352	872	5
352	873	9
352	874	5
354	460	12
354	911	6
354	872	5
354	873	10
355	518	10
355	519	10
355	408	7
355	921	7
355	439	12
355	703	8
356	554	9
358	945	7
358	979	10
358	946	11
358	980	5
358	981	8
358	982	5
358	461	6
358	983	5
360	459	6
362	790	7
362	793	7
362	794	7
363	463	9
365	366	5
367	368	12
367	369	6
370	371	5
370	372	5
370	373	5
370	374	5
370	375	5
374	922	6
374	375	7
375	602	25
375	525	8
375	603	5
375	922	5
375	604	6
375	950	5
375	1005	5
375	1006	5
375	1007	10
375	522	8
375	523	5
376	377	5
377	912	5
378	379	5
380	381	7
380	382	5
380	383	5
380	384	6
381	783	5
387	388	21
387	425	6
388	425	5
389	661	5
389	501	21
389	664	10
389	663	10
389	561	6
389	880	6
389	881	5
389	749	6
389	882	5
389	750	5
389	883	5
390	449	17
390	452	5
391	392	9
391	397	5
391	402	5
393	404	5
393	526	5
401	929	5
403	506	10
403	507	6
405	507	8
406	506	9
406	478	5
406	507	14
406	776	7
406	838	5
408	439	6
409	412	5
412	488	8
412	446	5
413	472	8
413	473	6
413	474	5
416	474	6
416	476	8
420	421	5
425	510	7
431	475	6
435	456	6
444	475	7
452	632	5
461	946	6
463	464	5
465	466	5
466	989	5
467	468	8
468	559	5
468	614	6
468	615	6
468	616	7
468	617	5
469	470	5
472	473	5
479	763	5
479	597	5
479	764	5
479	594	5
480	481	5
485	789	6
487	488	5
488	511	5
488	512	6
489	649	5
489	720	5
490	491	5
491	920	5
492	493	5
493	1053	6
494	495	8
496	497	5
498	499	5
501	661	14
501	662	5
501	561	5
501	663	9
501	664	6
501	665	5
502	503	7
505	506	9
505	507	11
505	508	6
506	776	12
507	639	5
507	813	25
507	777	5
507	776	25
507	839	15
507	840	10
507	841	5
507	784	10
507	811	5
507	842	10
507	843	5
507	844	7
507	845	9
507	810	6
507	812	19
507	814	9
507	838	7
507	846	15
507	847	6
507	848	5
507	849	5
507	850	5
507	652	5
508	684	5
514	685	6
514	686	6
516	517	5
518	519	5
520	853	6
520	854	7
520	521	6
522	1007	6
523	1111	10
524	525	5
525	602	8
525	605	15
525	606	6
525	607	17
525	608	7
525	603	6
525	609	6
525	610	8
525	611	6
525	612	5
530	557	6
530	532	5
530	535	5
532	1070	5
533	537	8
537	539	20
537	1010	5
539	1010	7
540	541	10
542	543	14
542	544	6
544	652	5
545	795	9
545	796	5
547	692	6
547	765	6
547	693	10
548	549	5
550	551	7
550	553	5
553	1074	7
554	768	12
555	556	17
555	708	17
556	708	22
557	655	5
557	558	21
557	667	9
558	666	9
558	569	7
558	655	5
558	667	14
558	952	7
558	660	5
559	560	6
559	561	5
559	562	15
559	563	5
559	564	6
559	565	7
559	566	6
559	567	7
559	568	7
559	569	7
559	570	12
559	571	5
560	565	6
560	655	5
560	660	5
560	569	6
561	884	5
561	885	9
564	565	8
565	655	9
565	656	11
565	657	8
565	658	6
565	659	6
568	570	9
569	570	8
569	571	10
569	655	11
569	660	12
570	571	8
570	660	7
571	655	6
571	660	10
573	574	5
578	579	6
581	582	5
581	583	5
584	585	5
586	587	6
597	910	6
598	599	5
599	917	5
602	603	5
602	604	8
603	753	5
603	754	5
605	913	5
606	626	6
606	627	5
607	610	5
617	709	7
617	787	5
618	619	5
628	629	5
628	630	5
632	633	5
633	855	5
635	636	14
639	640	5
640	810	5
640	814	5
641	642	7
642	643	5
642	645	6
642	644	7
642	646	6
642	647	6
642	648	5
643	644	8
644	645	7
647	666	6
647	933	9
647	941	10
647	940	18
647	942	12
647	951	7
649	650	9
651	652	5
651	653	6
651	654	7
652	943	5
652	654	5
653	943	5
653	654	12
654	943	5
654	964	6
654	965	11
655	660	9
657	659	9
663	860	5
663	861	6
664	747	7
664	749	6
664	748	5
664	750	6
666	667	6
666	668	5
667	963	7
667	991	6
668	935	6
668	1001	5
668	1028	5
668	1002	6
668	939	7
668	1029	6
668	936	6
668	1030	6
668	938	12
668	1031	7
668	1032	9
668	1033	6
668	1034	8
670	859	11
670	919	17
675	782	5
676	677	5
678	679	5
680	681	32
680	682	5
683	684	7
684	691	5
684	821	22
684	925	6
684	926	6
684	822	10
684	824	12
684	825	7
684	927	8
684	928	8
685	686	6
692	693	10
692	694	8
692	695	5
693	695	5
695	751	6
696	701	5
697	703	9
697	771	6
698	821	5
698	898	6
698	900	6
698	901	5
700	771	6
701	704	5
702	837	5
703	1054	9
703	771	12
703	704	8
704	705	9
707	717	5
707	962	5
708	916	5
711	712	7
714	715	5
717	962	6
721	722	8
725	726	6
725	727	7
728	732	5
728	797	11
728	802	9
728	798	8
728	803	12
728	804	6
728	805	5
729	730	7
731	736	6
731	737	7
731	738	13
731	739	6
731	809	6
731	745	5
732	797	7
732	734	16
734	797	6
735	742	6
736	738	5
737	738	6
738	744	6
738	1104	5
739	745	5
743	1073	6
747	748	5
748	861	5
748	749	6
749	861	7
751	1116	5
753	754	7
756	757	6
759	760	7
766	767	5
771	1054	19
771	993	5
772	773	5
774	775	9
776	888	6
776	812	5
776	846	5
778	779	5
778	780	7
780	1056	5
781	782	5
783	784	5
784	846	8
784	814	5
785	786	6
790	791	6
790	792	7
790	793	7
790	794	8
791	792	5
791	794	7
792	793	5
792	794	7
793	794	7
797	798	10
797	799	5
797	800	8
797	801	5
798	800	8
810	849	5
810	814	5
812	813	6
813	846	6
814	849	5
814	850	7
814	846	5
815	816	5
817	818	5
819	820	5
821	822	6
821	823	7
821	824	7
821	825	6
824	825	5
826	827	6
830	831	6
830	832	5
833	834	5
835	836	5
839	931	6
839	840	13
839	844	8
839	841	7
839	847	5
846	849	5
847	930	5
848	1113	5
856	857	5
857	1055	6
858	859	5
859	919	11
860	861	5
862	863	6
863	932	5
863	1087	5
863	1088	6
863	1089	5
868	869	5
870	871	6
872	959	6
876	877	5
886	887	5
890	891	5
892	978	18
900	901	5
901	987	5
901	988	5
903	904	8
906	907	6
908	909	6
914	915	5
915	916	8
917	973	7
920	1078	5
922	923	5
923	1115	6
925	926	6
930	931	6
932	933	5
932	934	8
933	940	9
933	941	8
933	942	8
934	1021	6
935	936	6
935	937	5
935	938	5
935	939	6
936	937	6
936	1032	8
936	1118	5
936	1119	5
936	1033	8
936	1034	5
937	939	5
938	939	5
938	1117	5
938	1021	6
938	1030	6
940	941	7
940	942	7
941	942	7
945	946	6
946	983	5
946	1098	5
947	948	7
949	950	5
953	1027	5
960	961	5
964	965	5
967	968	9
967	969	9
968	969	7
968	970	5
969	970	5
971	972	6
974	975	10
974	976	5
974	977	5
975	977	13
975	976	5
979	980	5
981	1099	7
984	985	5
987	988	15
989	990	5
990	1036	10
992	993	5
995	996	12
997	998	5
998	999	10
998	1000	7
998	1114	10
999	1000	5
1001	1002	5
1002	1041	5
1002	1042	5
1002	1046	5
1002	1047	5
1003	1004	6
1008	1072	9
1014	1015	8
1014	1016	7
1014	1017	5
1014	1018	6
1015	1048	5
1015	1052	5
1016	1048	12
1022	1023	5
1022	1024	9
1024	1112	8
1025	1026	9
1026	1094	6
1032	1033	6
1032	1034	6
1033	1034	5
1035	1036	9
1037	1038	5
1039	1040	5
1041	1042	14
1041	1043	8
1048	1049	7
1048	1050	5
1048	1051	5
1048	1052	5
1050	1060	5
1057	1058	7
1061	1062	8
1062	1075	6
1063	1064	8
1065	1066	6
1065	1067	5
1065	1068	5
1065	1069	5
1066	1069	9
1067	1086	5
1076	1077	5
1079	1080	6
1079	1081	5
1082	1083	6
1084	1085	9
1087	1088	5
1090	1091	5
1092	1093	6
1095	1096	5
1100	1101	11
1102	1103	8
1108	1109	5
1120	1121	6
1122	1123	7
